#x	y
2	1492
3	1513
4	1323
5	1188
6	1139
7	1126
8	1235
9	1208
10	1191
11	1135
12	1264
13	1400
14	1274
15	1446
16	1182
17	1163
18	2828
19	1481
20	1327
21	1532
22	1290
23	1220
24	1206
25	1617
26	1204
27	1738
28	1260
29	1337
30	1414
31	1340
32	1402
33	1354
34	1392
35	1316
36	1353
37	1441
38	1748
39	1224
40	1386
41	1400
42	1409
43	1428
44	1399
45	1458
46	1446
47	1419
48	1411
49	1675
50	1668
51	1725
52	1473
53	1497
54	1502
55	1543
56	1577
57	1438
58	1607
59	2023
60	1638
61	1656
62	1608
63	1763
64	1854
65	1769
66	1744
67	1921
68	2043
69	1989
70	1948
71	1976
72	2717
73	2260
74	2115
75	2829
76	2857
77	2561
78	2881
79	3611
80	3965
81	3056
82	4517
83	4633
84	4771
85	4876
86	5694
87	5471
88	5936
89	6421
90	7231
91	11985
92	12803
93	13867
94	13508
95	12744
96	12612
97	12974
98	12954
99	16843
100	17180
101	17957
102	18543
103	20716
104	21325
105	23029
106	23411
107	21372
108	21609
109	23828
110	22482
111	23677
112	23621
113	25114
114	25209
115	26510
116	26830
117	28002
118	28383
119	29187
120	29757
121	30688
122	31274
123	480441
124	486316
125	509936
126	515703
127	35697
128	35950
129	37335
130	38178
131	38784
132	40250
133	40576
134	41266
135	42795
136	52996
137	43785
138	43936
139	45431
140	46058
141	47109
142	48213
143	49595
144	50328
145	51658
146	52244
147	54066
148	54342
149	56273
150	56185
151	58428
152	58659
153	65205
154	61840
155	75139
156	75146
157	78447
158	80202
159	84657
160	84329
161	87078
162	92112
163	73079
164	72982
165	75950
166	77012
167	84679
168	83953
169	91843
170	87313
171	84552
172	84402
173	87403
174	88862
175	92049
176	95500
177	97082
178	95784
179	97834
180	97920
181	101687
182	102049
183	105589
184	106792
185	111868
186	108010
187	1.72607e+06
188	1.73866e+06
189	1.7958e+06
190	1.82346e+06
191	119258
192	121517
193	126797
194	122804
195	131326
196	127529
197	133265
198	130861
199	142036
200	145521
201	144621
202	141326
203	143180
204	148585
205	155132
206	149991
207	186328
208	192653
209	190032
210	192528
211	176872
212	182892
213	181465
214	180979
215	196212
216	198520
217	204284
218	200296
219	491647
220	487841
221	522088
222	537025
223	264841
224	246944
225	263532
226	253082
227	227731
228	219916
229	223877
230	227970
231	751472
232	239840
233	247989
234	226103
235	227030
236	291702
237	241987
238	248011
239	305705
240	313371
241	321370
242	630429
243	256766
244	262673
245	275925
246	266348
247	267317
248	269967
249	282025
250	298237
251	4.03008e+06
252	4.06432e+06
253	4.15723e+06
254	4.222e+06
255	298276
256	321269
257	313462
258	1.12003e+06
259	331471
260	326768
261	333437
262	363390
263	2.04759e+06
264	363025
265	389137
266	371610
267	372437
268	2.5866e+06
269	373700
270	387397
271	440975
272	457978
273	471316
274	654289
275	504291
276	506179
277	508375
278	523485
279	447966
280	458393
281	478451
282	484374
283	5.89917e+06
284	5.94428e+06
285	6.17418e+06
286	5.80093e+06
287	815605
288	836432
289	867727
290	923759
291	554487
292	567205
293	560752
294	583079
295	598003
296	593506
297	621014
298	617466
299	567799
300	553254
301	577723
302	610770
303	770974
304	766954
305	794892
306	827914
307	752700
308	745274
309	772388
310	771587
311	772141
312	819107
313	801406
314	830818
315	8.30952e+06
316	8.35066e+06
317	8.51091e+06
318	8.39934e+06
319	901684
320	895858
321	884294
322	918606
323	953769
324	2.22252e+06
325	937412
326	1.17701e+06
327	968065
328	1.05189e+06
329	2.85158e+06
330	1.0109e+06
331	822730
332	1.82364e+06
333	3.17222e+06
334	1.29888e+06
335	2.52476e+06
336	4.15137e+06
337	2.66422e+06
338	2.69297e+06
339	927002
340	2.3013e+06
341	933388
342	953625
343	1.14218e+06
344	1.89921e+06
345	1.16235e+06
346	1.17191e+06
347	1.16295e+07
348	1.17052e+07
349	1.19015e+07
350	1.19493e+07
351	2.75202e+06
352	2.8387e+06
353	2.95528e+06
354	5.76582e+06
355	6.42336e+06
356	1.30792e+06
357	3.4607e+06
358	1.6034e+06
359	1.72086e+06
360	1.70917e+06
361	3.72042e+06
362	1.84221e+06
363	1.20374e+06
364	1.27627e+06
365	1.46425e+06
366	2.18346e+06
367	5.41605e+06
368	5.72846e+06
369	7.30743e+06
370	7.08369e+06
371	1.97568e+06
372	5.54044e+06
373	1.45236e+06
374	6.25263e+06
375	2.32823e+06
376	2.47305e+06
377	2.55564e+06
378	2.57776e+06
379	1.41303e+07
380	1.41866e+07
381	1.44206e+07
382	1.45427e+07
383	2.95723e+06
384	3.03261e+06
385	3.12036e+06
386	3.41733e+06
387	1.89193e+06
388	2.00624e+06
389	2.11493e+06
390	2.21458e+06
391	5.47646e+06
392	1.08794e+07
393	2.95882e+06
394	3.12859e+06
395	2.56222e+06
396	4.21826e+06
397	3.41864e+06
398	3.8229e+06
399	5.09237e+06
400	3.6519e+06
401	3.80698e+06
402	9.07017e+06
403	5.54522e+06
404	6.14125e+06
405	7.93095e+06
406	4.3309e+06
407	5.67564e+06
408	9.56205e+06
409	5.0025e+06
410	5.05987e+06
411	1.9349e+07
412	1.9325e+07
413	1.96137e+07
414	1.9771e+07
415	9.90027e+06
416	7.13473e+06
417	1.12047e+07
418	1.14569e+07
419	1.08874e+07
420	8.79764e+06
421	1.06591e+07
422	7.51736e+06
423	6.17146e+06
424	1.1881e+07
425	8.44669e+06
426	6.62321e+06
427	1.23924e+07
428	6.94311e+06
429	7.17618e+06
430	1.60646e+07
431	1.03143e+07
432	1.21822e+07
433	1.04883e+07
434	9.18391e+06
435	1.09126e+07
436	1.10109e+07
437	1.33077e+07
438	1.1494e+07
439	1.39318e+07
440	1.14388e+07
441	1.15984e+07
442	1.24283e+07
443	2.30652e+07
444	2.31428e+07
445	2.27974e+07
446	2.37808e+07
447	1.75464e+07
448	1.38204e+07
449	1.97603e+07
450	1.35629e+07
451	1.56843e+07
452	1.74724e+07
453	1.9191e+07
454	1.62021e+07
455	1.51405e+07
456	1.52687e+07
457	1.61124e+07
458	1.85823e+07
459	1.47322e+07
460	1.65615e+07
461	1.81842e+07
462	1.66097e+07
463	1.64747e+07
464	2.06803e+07
465	1.71493e+07
466	2.3395e+07
467	1.9404e+07
468	1.95013e+07
469	2.01196e+07
470	2.04557e+07
471	1.91429e+07
472	1.97857e+07
473	2.06354e+07
474	2.04806e+07
475	2.98038e+07
476	2.99202e+07
477	3.02675e+07
478	3.07527e+07
479	2.68891e+07
480	2.51755e+07
481	2.35184e+07
482	2.74575e+07
483	2.53365e+07
484	2.65094e+07
485	2.6008e+07
486	2.65006e+07
487	2.9008e+07
488	2.71296e+07
489	2.96784e+07
490	2.82963e+07
491	3.07142e+07
492	3.02518e+07
493	3.03676e+07
494	3.13055e+07
495	2.90727e+07
496	2.95031e+07
497	3.01752e+07
498	3.1601e+07
499	3.18946e+07
500	3.32225e+07
