#x	y
2	767
3	953
4	768
5	576
6	641
7	595
8	689
9	656
10	638
11	678
12	699
13	920
14	674
15	885
16	603
17	615
18	2149
19	932
20	719
21	1329
22	749
23	640
24	613
25	1004
26	605
27	1172
28	629
29	898
30	972
31	722
32	785
33	740
34	699
35	724
36	759
37	705
38	1223
39	809
40	718
41	726
42	752
43	765
44	748
45	923
46	750
47	751
48	707
49	1069
50	957
51	1008
52	721
53	774
54	758
55	783
56	907
57	749
58	860
59	912
60	922
61	958
62	811
63	1305
64	1034
65	854
66	868
67	804
68	1230
69	836
70	791
71	851
72	1360
73	1185
74	961
75	1307
76	1365
77	920
78	1007
79	1168
80	1183
81	1139
82	1496
83	1358
84	2159
85	1178
86	1118
87	1347
88	1302
89	1158
90	1229
91	1293
92	1457
93	1522
94	1289
95	2774
96	1228
97	1268
98	1165
99	1199
100	1161
101	1105
102	1602
103	1320
104	1387
105	1664
106	1400
107	2010
108	1580
109	2750
110	1394
111	1536
112	1316
113	1839
114	1565
115	1457
116	1547
117	1674
118	1530
119	1261
120	1238
121	1325
122	1827
123	2030
124	1808
125	2629
126	2353
127	1734
128	1478
129	1593
130	1752
131	1608
132	3269
133	1751
134	1961
135	1778
136	6499
137	1834
138	1594
139	2152
140	2868
141	1876
142	5773
143	1580
144	2044
145	1395
146	1951
147	2462
148	1658
149	2269
150	1710
151	2116
152	2158
153	4680
154	3247
155	2384
156	2367
157	3761
158	2608
159	11644
160	4658
161	2863
162	1931
163	2979
164	2184
165	2039
166	2550
167	3832
168	4087
169	2193
170	5433
171	3852
172	3563
173	3886
174	17464
175	2816
176	2684
177	5976
178	2784
179	3940
180	6033
181	3316
182	4824
183	5349
184	5667
185	4938
186	5042
187	15663
188	3881
189	5849
190	2534
191	19242
192	4806
193	6319
194	5735
195	11667
196	8433
197	5054
198	6296
199	7638
200	7580
201	10107
202	9666
203	12482
204	11046
205	9590
206	11951
207	8071
208	9243
209	7720
210	5058
211	18061
212	29167
213	13946
214	6084
215	16280
216	13634
217	13655
218	19423
219	21829
220	11961
221	33133
222	8137
223	13948
224	17266
225	25702
226	26557
227	12968
228	17139
229	22081
230	37396
231	83208
232	49543
233	25698
234	25033
235	28082
236	108772
237	29975
238	27350
239	31765
240	44110
241	55782
242	56320
243	35559
244	48386
245	28663
246	45472
247	40580
248	97242
249	43821
250	82387
251	955522
252	2.37472e+06
253	2.38796e+06
254	688805
255	172671
256	125499
257	116443
258	192836
259	169351
260	173362
261	133669
262	168360
263	198718
264	201249
265	227413
266	150346
267	230384
268	150553
269	234538
270	240142
271	206436
272	239679
273	255665
274	256895
275	272352
276	275014
277	252409
278	303555
279	297260
280	280175
281	300334
282	278253
283	89035
284	89919
285	91881
286	145423
287	295552
288	319877
289	321525
290	305831
291	359976
292	332314
293	343696
294	336949
295	376865
296	337782
297	380659
298	407818
299	367646
300	414817
301	399962
302	423780
303	405518
304	393816
305	430856
306	450170
307	430867
308	432003
309	437338
310	434709
311	472712
312	459880
313	490702
314	478973
315	240158
316	216760
317	217522
318	305775
319	479352
320	529421
321	534277
322	537362
323	543381
324	460842
325	547702
326	555238
327	565542
328	539187
329	510187
330	577263
331	581187
332	540104
333	515240
334	579572
335	604219
336	519447
337	624905
338	620045
339	626199
340	598880
341	641247
342	639868
343	629053
344	635422
345	664420
346	666622
347	361178
348	389216
349	368484
350	368045
351	691274
352	696559
353	705872
354	689705
355	586259
356	723488
357	641772
358	727766
359	748020
360	747827
361	711139
362	766449
363	761566
364	772920
365	796129
366	762548
367	777200
368	783085
369	704619
370	816974
371	832603
372	817648
373	837916
374	799700
375	848443
376	855733
377	867969
378	866037
379	3.91767e+06
380	4.31752e+06
381	4.7188e+06
382	6.86292e+06
383	905204
384	913910
385	923465
386	923595
387	937195
388	938010
389	947311
390	966167
391	931902
392	909578
393	982623
394	975678
395	982366
396	1.03108e+06
397	1.01507e+06
398	1.01036e+06
399	1.02171e+06
400	1.03384e+06
401	1.05029e+06
402	1.03215e+06
403	1.09813e+06
404	1.04586e+06
405	1.05951e+06
406	1.06171e+06
407	1.0802e+06
408	1.18024e+06
409	1.10873e+06
410	1.11786e+06
411	831898
412	797806
413	827421
414	845496
415	1.21169e+06
416	1.18729e+06
417	1.17485e+06
418	1.17605e+06
419	1.1622e+06
420	1.18343e+06
421	1.20612e+06
422	1.19674e+06
423	1.23051e+06
424	1.31862e+06
425	1.29024e+06
426	1.26474e+06
427	1.28121e+06
428	1.22015e+06
429	1.22229e+06
430	1.1782e+06
431	1.33528e+06
432	1.394e+06
433	1.31446e+06
434	1.32643e+06
435	1.25796e+06
436	1.24495e+06
437	1.27474e+06
438	1.24889e+06
439	1.42673e+06
440	1.40245e+06
441	1.40881e+06
442	1.38902e+06
443	1.23973e+06
444	1.18299e+06
445	1.74086e+06
446	1.48709e+06
447	1.46367e+06
448	1.48235e+06
449	1.58165e+06
450	1.49902e+06
451	1.36724e+06
452	1.41373e+06
453	1.48751e+06
454	1.34995e+06
455	1.53087e+06
456	1.56071e+06
457	1.53918e+06
458	1.57344e+06
459	1.417e+06
460	1.47149e+06
461	1.41588e+06
462	1.48434e+06
463	1.60916e+06
464	1.70917e+06
465	1.62699e+06
466	1.84642e+06
467	1.45685e+06
468	1.47891e+06
469	1.49905e+06
470	1.47643e+06
471	1.6881e+06
472	1.70467e+06
473	1.72082e+06
474	1.70956e+06
475	1.59258e+06
476	1.62312e+06
477	1.54837e+06
478	1.77686e+06
479	1.90264e+06
480	1.71618e+06
481	1.77852e+06
482	1.92173e+06
483	1.61445e+06
484	1.70382e+06
485	1.6341e+06
486	1.62198e+06
487	1.97859e+06
488	1.8441e+06
489	1.9911e+06
490	1.90419e+06
491	1.73303e+06
492	1.8303e+06
493	1.77755e+06
494	1.65629e+06
495	1.93101e+06
496	1.94203e+06
497	1.96352e+06
498	1.89106e+06
499	1.80305e+06
500	1.86344e+06
