#x	y
2	1424
3	3363
4	3241
5	4697
6	4947
7	5424
8	6745
9	6449
10	6739
11	6718
12	8777
13	9065
14	10323
15	10169
16	12360
17	13406
18	14736
19	12978
20	15967
21	16864
22	18396
23	17771
24	19356
25	23569
26	24180
27	20590
28	24422
29	43652
30	27720
31	38036
32	29624
33	35053
34	39693
35	35108
36	37473
37	38578
38	47554
39	39330
40	41338
41	46179
42	43924
43	51666
44	51113
45	59985
46	55433
47	57751
48	63912
49	60916
50	57660
51	63199
52	69345
53	67738
54	68416
55	73667
56	78252
57	84445
58	88763
59	82608
60	95939
61	85269
62	86746
63	97524
64	92111
65	94437
66	96969
67	120349
68	108151
69	117412
70	119519
71	118128
72	119880
73	124835
74	114088
75	135805
76	136291
77	130641
78	142653
79	150572
80	147305
81	155462
82	152145
83	194292
84	169796
85	168552
86	164905
87	165887
88	170393
89	184902
90	180835
91	184637
92	195023
93	189068
94	200480
95	201567
96	187893
97	202171
98	202889
99	211875
100	213042
101	204424
102	228928
103	228835
104	235437
105	231335
106	251252
107	247638
108	244602
109	260301
110	240776
111	266392
112	247592
113	267652
114	263193
115	281866
116	287349
117	278179
118	278086
119	276397
120	299646
121	302119
122	304167
123	324404
124	297448
125	300731
126	343003
127	330988
128	348722
129	342756
130	365273
131	360845
132	340272
133	376344
134	396514
135	351347
136	369287
137	404348
138	444454
139	432043
140	410891
141	413843
142	407559
143	419452
144	402012
145	432118
146	480199
147	454164
148	475001
149	446997
150	425394
151	489310
152	438781
153	510238
154	460866
155	488532
156	521958
157	548140
158	484562
159	523843
160	538108
161	519643
162	507906
163	546652
164	519436
165	555605
166	546822
167	547468
168	548744
169	573722
170	548690
171	596465
172	579101
173	609684
174	559043
175	585027
176	610242
177	639011
178	623149
179	596191
180	650828
181	627701
182	629387
183	651788
184	634775
185	693440
186	684033
187	694852
188	708559
189	708936
190	682506
191	725304
192	716832
193	715277
194	755696
195	740578
196	761867
197	735519
198	773905
199	774626
200	739890
201	751335
202	790005
203	792471
204	771260
205	791786
206	808278
207	840429
208	839400
209	817316
210	819893
211	842912
212	905019
213	872679
214	848311
215	884605
216	873978
217	865158
218	932754
219	918532
220	926030
221	935526
222	906002
223	1.01712e+06
224	951314
225	944396
226	974932
227	1.0013e+06
228	1.0156e+06
229	1.00719e+06
230	1.02196e+06
231	1.03435e+06
232	1.03946e+06
233	1.04562e+06
234	1.07096e+06
235	1.05103e+06
236	1.0673e+06
237	1.08968e+06
238	1.07404e+06
239	1.10627e+06
240	1.1123e+06
241	1.11444e+06
242	1.09877e+06
243	1.09965e+06
244	1.10247e+06
245	1.17498e+06
246	1.12806e+06
247	1.21291e+06
248	1.1756e+06
249	1.17776e+06
250	1.19217e+06
251	1.21934e+06
252	1.20822e+06
253	1.21865e+06
254	1.24668e+06
255	1.30232e+06
256	1.21598e+06
257	1.35548e+06
258	1.22473e+06
259	1.27229e+06
260	1.3142e+06
261	1.2876e+06
262	1.31424e+06
263	1.29984e+06
264	1.28002e+06
265	1.35212e+06
266	1.36039e+06
267	1.39019e+06
268	1.41061e+06
269	1.34614e+06
270	1.35599e+06
271	1.36768e+06
272	1.43763e+06
273	1.41879e+06
274	1.38417e+06
275	1.41554e+06
276	1.44898e+06
277	1.44352e+06
278	1.46452e+06
279	1.45032e+06
280	1.47003e+06
281	1.45225e+06
282	1.52562e+06
283	1.54882e+06
284	1.4868e+06
285	1.52198e+06
286	1.53101e+06
287	1.55042e+06
288	1.57506e+06
289	1.56266e+06
290	1.5695e+06
291	1.62544e+06
292	1.59784e+06
293	1.68695e+06
294	1.59142e+06
295	1.63901e+06
296	1.66842e+06
297	1.68935e+06
298	1.73424e+06
299	1.74316e+06
300	1.71274e+06
301	1.64631e+06
302	1.6844e+06
303	1.75228e+06
304	1.69746e+06
305	1.75813e+06
306	1.75053e+06
307	1.75573e+06
308	1.7744e+06
309	1.78142e+06
310	1.78809e+06
311	1.85181e+06
312	1.86102e+06
313	1.95232e+06
314	1.90014e+06
315	1.92374e+06
316	1.92588e+06
317	1.87518e+06
318	1.90649e+06
319	1.93686e+06
320	1.91059e+06
321	2.0339e+06
322	2.04046e+06
323	2.03172e+06
324	2.00424e+06
325	1.99159e+06
326	2.09865e+06
327	2.03738e+06
328	2.02661e+06
329	2.00943e+06
330	2.07551e+06
331	2.2508e+06
332	2.24361e+06
333	2.25494e+06
334	2.16382e+06
335	2.26267e+06
336	2.23485e+06
337	2.32774e+06
338	2.22827e+06
339	2.28096e+06
340	2.31925e+06
341	2.37823e+06
342	2.25126e+06
343	2.45228e+06
344	2.30305e+06
345	2.2542e+06
346	2.39846e+06
347	2.33895e+06
348	2.30767e+06
349	2.40258e+06
350	2.36379e+06
351	2.40024e+06
352	2.41947e+06
353	2.39862e+06
354	2.46248e+06
355	2.51611e+06
356	2.53739e+06
357	2.64712e+06
358	2.56165e+06
359	2.58022e+06
360	2.49534e+06
361	2.60039e+06
362	2.64925e+06
363	2.68721e+06
364	2.6259e+06
365	2.81512e+06
366	2.77371e+06
367	2.74538e+06
368	2.91223e+06
369	2.74019e+06
370	2.84675e+06
371	2.70764e+06
372	2.81054e+06
373	2.79017e+06
374	2.78548e+06
375	2.83273e+06
376	2.92794e+06
377	2.94983e+06
378	2.86264e+06
379	2.94706e+06
380	3.00835e+06
381	3.00843e+06
382	2.88471e+06
383	2.97832e+06
384	3.02772e+06
385	3.13133e+06
386	3.03422e+06
387	2.99606e+06
388	3.14081e+06
389	3.25136e+06
390	3.04495e+06
391	3.05156e+06
392	3.22384e+06
393	3.24941e+06
394	3.25666e+06
395	3.29182e+06
396	3.35991e+06
397	3.37288e+06
398	3.23527e+06
399	3.5211e+06
400	3.30634e+06
401	3.53817e+06
402	3.58141e+06
403	3.60265e+06
404	3.40635e+06
405	3.58372e+06
406	3.49137e+06
407	3.65058e+06
408	3.47935e+06
409	3.6005e+06
410	3.66485e+06
411	3.60768e+06
412	3.58675e+06
413	3.7813e+06
414	3.61046e+06
415	3.71919e+06
416	3.79732e+06
417	3.69403e+06
418	4.16094e+06
419	4.29506e+06
420	4.12992e+06
421	4.39285e+06
422	4.37126e+06
423	4.53382e+06
424	4.43289e+06
425	4.66488e+06
426	4.12814e+06
427	4.41902e+06
428	4.12939e+06
429	4.1391e+06
430	4.19685e+06
431	4.13377e+06
432	4.18001e+06
433	4.27524e+06
434	4.24822e+06
435	4.45052e+06
436	4.30283e+06
437	4.33183e+06
438	4.24438e+06
439	4.44196e+06
440	4.55554e+06
441	4.45679e+06
442	4.43798e+06
443	4.47947e+06
444	4.54967e+06
445	4.97014e+06
446	4.37296e+06
447	4.63336e+06
448	4.81318e+06
449	4.75325e+06
450	4.86675e+06
451	4.64081e+06
452	4.61146e+06
453	4.94907e+06
454	4.6815e+06
455	4.98941e+06
456	4.94402e+06
457	4.79384e+06
458	4.88242e+06
459	4.91783e+06
460	5.01586e+06
461	5.05861e+06
462	5.0737e+06
463	5.22884e+06
464	5.1712e+06
465	5.19151e+06
466	5.63838e+06
467	5.49978e+06
468	5.54818e+06
469	5.45726e+06
470	5.33492e+06
471	5.26924e+06
472	5.68153e+06
473	5.45609e+06
474	5.32907e+06
475	5.45281e+06
476	5.52912e+06
477	5.30376e+06
478	5.55414e+06
479	5.62376e+06
480	5.48088e+06
481	5.42053e+06
482	5.63976e+06
483	5.72696e+06
484	5.82869e+06
485	5.67158e+06
486	5.89995e+06
487	5.94692e+06
488	5.98008e+06
489	5.88322e+06
490	5.99626e+06
491	6.18823e+06
492	6.06424e+06
493	6.01465e+06
494	6.12418e+06
495	6.15848e+06
496	6.18298e+06
497	6.03324e+06
498	6.3372e+06
499	6.00361e+06
500	6.25306e+06
